-323.443420 20.000000 -76.979378
-323.443420 20.000000 -76.979378
-323.443420 20.000000 -76.979378
-323.443420 20.000000 -76.979378
-323.443420 20.000000 -76.979378
-323.443420 20.000000 -76.979378
-323.443420 20.000000 -76.979378
-323.443420 20.000000 -76.979378
-323.443420 20.000000 -76.979378
-323.443420 20.000000 -76.979378
-323.443420 20.000000 -76.979378
-323.443420 20.000000 -76.979378
-323.443420 20.000000 -76.979378
-323.443420 20.000000 -76.979378
-323.443420 20.000000 -76.979378
-323.443420 20.000000 -76.979378
-323.443420 20.000000 -76.979378
-323.443420 20.000000 -76.979378
-323.443420 20.000000 -76.979378
-323.443420 20.000000 -76.979378
-323.443420 20.000000 -76.979378
-323.443420 20.000000 -76.979378
-323.443420 20.000000 -76.979378
-323.443420 20.000000 -76.979378
-323.443420 20.000000 -76.979378
-392.181702 20.000000 -21.086603
-392.181702 20.000000 -21.086603
-392.181702 20.000000 -21.086603
-392.181702 20.000000 -21.086603
-392.181702 20.000000 -21.086603
-392.181702 20.000000 -21.086603
-392.181702 20.000000 -21.086603
-392.181702 20.000000 -21.086603
-392.181702 20.000000 -21.086603
-392.181702 20.000000 -21.086603
-392.181702 20.000000 -21.086603
-392.181702 20.000000 -21.086603
-392.181702 20.000000 -21.086603
-392.181702 20.000000 -21.086603
-392.181702 20.000000 -21.086603
-392.181702 20.000000 -21.086603
-392.181702 20.000000 -21.086603
-392.181702 20.000000 -21.086603
-392.181702 20.000000 -21.086603
-392.181702 20.000000 -21.086603
-365.617004 20.000000 -55.010025
-365.617004 20.000000 -55.010025
-365.617004 20.000000 -55.010025
-365.617004 20.000000 -55.010025
-365.617004 20.000000 -55.010025
-365.617004 20.000000 -55.010025
-365.617004 20.000000 -55.010025
-365.617004 20.000000 -55.010025
-365.617004 20.000000 -55.010025
-365.617004 20.000000 -55.010025
-365.617004 20.000000 -55.010025
-365.617004 20.000000 -55.010025
-365.617004 20.000000 -55.010025
-365.617004 20.000000 -55.010025
-365.617004 20.000000 -55.010025
-365.617004 20.000000 -55.010025
